0.3333333333333334 0.3333333333333334 0.0408716645731430
0.0320553732169435 0.9358892535661130 0.0066764844065748
0.9358892535661130 0.0320553732169435 0.0066764844065748
0.0320553732169435 0.0320553732169435 0.0066764844065748
0.1421611010565644 0.7156777978868712 0.0229789818023724
0.7156777978868712 0.1421611010565644 0.0229789818023724
0.1421611010565644 0.1421611010565644 0.0229789818023724
0.3218129952888354 0.5300541189273440 0.0319524531982120
0.5300541189273440 0.3218129952888354 0.0319524531982120
0.1481328857838206 0.5300541189273440 0.0319524531982120
0.5300541189273440 0.1481328857838206 0.0319524531982120
0.1481328857838206 0.3218129952888354 0.0319524531982120
0.3218129952888354 0.1481328857838206 0.0319524531982120
0.0296198894887298 0.6012333286834592 0.0170923240814797
0.6012333286834592 0.0296198894887298 0.0170923240814797
0.3691467818278110 0.6012333286834592 0.0170923240814797
0.6012333286834592 0.3691467818278110 0.0170923240814797
0.3691467818278110 0.0296198894887298 0.0170923240814797
0.0296198894887298 0.3691467818278110 0.0170923240814797
0.0283676653399385 0.8079306009228790 0.0126488788536442
0.8079306009228790 0.0283676653399385 0.0126488788536442
0.1637017337371825 0.8079306009228790 0.0126488788536442
0.8079306009228790 0.1637017337371825 0.0126488788536442
0.1637017337371825 0.0283676653399385 0.0126488788536442
0.0283676653399385 0.1637017337371825 0.0126488788536442
