0.3333333333333334 0.3333333333333334 0.0428805898661121
0.0284854176143719 0.9430291647712562 0.0052159352564473
0.9430291647712562 0.0284854176143719 0.0052159352564473
0.0284854176143719 0.0284854176143719 0.0052159352564473
0.2102199567031783 0.5795600865936434 0.0352578420558583
0.5795600865936434 0.2102199567031783 0.0352578420558583
0.2102199567031783 0.2102199567031783 0.0352578420558583
0.1026354827122464 0.7947290345755071 0.0193153796185097
0.7947290345755071 0.1026354827122464 0.0193153796185097
0.1026354827122464 0.1026354827122464 0.0193153796185097
0.4958919009658909 0.0082161980682182 0.0083031365272927
0.0082161980682182 0.4958919009658909 0.0083031365272927
0.4958919009658909 0.4958919009658909 0.0083031365272927
0.4384659267643522 0.1230681464712956 0.0336580770397341
0.1230681464712956 0.4384659267643522 0.0336580770397341
0.4384659267643522 0.4384659267643522 0.0336580770397341
0.1493247886520824 0.8433497836618531 0.0051451447864766
0.8433497836618531 0.1493247886520824 0.0051451447864766
0.0073254276860645 0.8433497836618531 0.0051451447864766
0.8433497836618531 0.0073254276860645 0.0051451447864766
0.0073254276860645 0.1493247886520824 0.0051451447864766
0.1493247886520824 0.0073254276860645 0.0051451447864766
0.0460105001654300 0.6644083741968642 0.0201662383202503
0.6644083741968642 0.0460105001654300 0.0201662383202503
0.2895811256377059 0.6644083741968642 0.0201662383202503
0.6644083741968642 0.2895811256377059 0.0201662383202503
0.2895811256377059 0.0460105001654300 0.0201662383202503
0.0460105001654300 0.2895811256377059 0.0201662383202503
