0.4882037509455415 0.0235924981089169 0.0121334190407260
0.0235924981089169 0.4882037509455415 0.0121334190407260
0.4882037509455415 0.4882037509455415 0.0121334190407260
0.1092578276593543 0.7814843446812914 0.0142430260344388
0.7814843446812914 0.1092578276593543 0.0142430260344388
0.1092578276593543 0.1092578276593543 0.0142430260344388
0.2714625070149261 0.4570749859701478 0.0312706065979514
0.4570749859701478 0.2714625070149261 0.0312706065979514
0.2714625070149261 0.2714625070149261 0.0312706065979514
0.0246463634363356 0.9507072731273288 0.0039658212549868
0.9507072731273288 0.0246463634363356 0.0039658212549868
0.0246463634363356 0.0246463634363356 0.0039658212549868
0.4401116486585931 0.1197767026828138 0.0249591674640305
0.1197767026828138 0.4401116486585931 0.0249591674640305
0.4401116486585931 0.4401116486585931 0.0249591674640305
0.2916556797383409 0.6853101639063919 0.0108917925193038
0.6853101639063919 0.2916556797383409 0.0108917925193038
0.0230341563552671 0.6853101639063919 0.0108917925193038
0.6853101639063919 0.0230341563552671 0.0108917925193038
0.0230341563552671 0.2916556797383409 0.0108917925193038
0.2916556797383409 0.0230341563552671 0.0108917925193038
0.1162960196779266 0.6282497516835561 0.0216136818297071
0.6282497516835561 0.1162960196779266 0.0216136818297071
0.2554542286385174 0.6282497516835561 0.0216136818297071
0.6282497516835561 0.2554542286385174 0.0216136818297071
0.2554542286385174 0.1162960196779266 0.0216136818297071
0.1162960196779266 0.2554542286385174 0.0216136818297071
0.8513377925102401 0.1272797172335894 0.0075418387882557
0.1272797172335894 0.8513377925102401 0.0075418387882557
0.0213824902561706 0.1272797172335894 0.0075418387882557
0.1272797172335894 0.0213824902561706 0.0075418387882557
0.0213824902561706 0.8513377925102401 0.0075418387882557
0.8513377925102401 0.0213824902561706 0.0075418387882557
