0.3333333333333334 0.3333333333333334 0.0339800182934158
0.4890769464525394 0.0218461070949213 0.0119972009644474
0.0218461070949213 0.4890769464525394 0.0119972009644474
0.4890769464525394 0.4890769464525394 0.0119972009644474
0.2213722862918329 0.5572554274163342 0.0291392425596000
0.5572554274163342 0.2213722862918329 0.0291392425596000
0.2213722862918329 0.2213722862918329 0.0291392425596000
0.4269414142598004 0.1461171714803992 0.0278009837652267
0.1461171714803992 0.4269414142598004 0.0278009837652267
0.4269414142598004 0.4269414142598004 0.0278009837652267
0.0215096811088432 0.9569806377823136 0.0030261685517696
0.9569806377823136 0.0215096811088432 0.0030261685517696
0.0215096811088432 0.0215096811088432 0.0030261685517696
0.0878954830321973 0.7485071158999522 0.0120895199057969
0.7485071158999522 0.0878954830321973 0.0120895199057969
0.1635974010678505 0.7485071158999522 0.0120895199057969
0.7485071158999522 0.1635974010678505 0.0120895199057969
0.1635974010678505 0.0878954830321973 0.0120895199057969
0.0878954830321973 0.1635974010678505 0.0120895199057969
0.1109220428034634 0.8647077702954428 0.0074827005525828
0.8647077702954428 0.1109220428034634 0.0074827005525828
0.0243701869010938 0.8647077702954428 0.0074827005525828
0.8647077702954428 0.0243701869010938 0.0074827005525828
0.0243701869010938 0.1109220428034634 0.0074827005525828
0.1109220428034634 0.0243701869010938 0.0074827005525828
0.3084417608921178 0.6235459955536755 0.0173206380704242
0.6235459955536755 0.3084417608921178 0.0173206380704242
0.0680122435542067 0.6235459955536755 0.0173206380704242
0.6235459955536755 0.0680122435542067 0.0173206380704242
0.0680122435542067 0.3084417608921178 0.0173206380704242
0.3084417608921178 0.0680122435542067 0.0173206380704242
0.0051263891023824 0.7223577931241880 0.0047953405017716
0.7223577931241880 0.0051263891023824 0.0047953405017716
0.2725158177734297 0.7223577931241880 0.0047953405017716
0.7223577931241880 0.2725158177734297 0.0047953405017716
0.2725158177734297 0.0051263891023824 0.0047953405017716
0.0051263891023824 0.2725158177734297 0.0047953405017716
