0.1772055324125434 0.6455889351749131 0.0210812943684965
0.6455889351749131 0.1772055324125434 0.0210812943684965
0.1772055324125434 0.1772055324125434 0.0210812943684965
0.4176447193404539 0.1647105613190922 0.0163941767720627
0.1647105613190922 0.4176447193404539 0.0163941767720627
0.4176447193404539 0.4176447193404539 0.0163941767720627
0.0617998830908726 0.8764002338182548 0.0072168498348883
0.8764002338182548 0.0617998830908726 0.0072168498348883
0.0617998830908726 0.0617998830908726 0.0072168498348883
0.4889639103621786 0.0220721792756427 0.0109417906847144
0.0220721792756427 0.4889639103621786 0.0109417906847144
0.4889639103621786 0.4889639103621786 0.0109417906847144
0.2734775283088386 0.4530449433823227 0.0258870522536458
0.4530449433823227 0.2734775283088386 0.0258870522536458
0.2734775283088386 0.2734775283088386 0.0258870522536458
0.0193909612487010 0.9612180775025979 0.0024617018012000
0.9612180775025979 0.0193909612487010 0.0024617018012000
0.0193909612487010 0.0193909612487010 0.0024617018012000
0.2983728821362578 0.6869801678080878 0.0072181540567669
0.6869801678080878 0.2983728821362578 0.0072181540567669
0.0146469500556544 0.6869801678080878 0.0072181540567669
0.6869801678080878 0.0146469500556544 0.0072181540567669
0.0146469500556544 0.2983728821362578 0.0072181540567669
0.2983728821362578 0.0146469500556544 0.0072181540567669
0.0571247574036479 0.7706085547749965 0.0123328766062818
0.7706085547749965 0.0571247574036479 0.0123328766062818
0.1722666878213556 0.7706085547749965 0.0123328766062818
0.7706085547749965 0.1722666878213556 0.0123328766062818
0.1722666878213556 0.0571247574036479 0.0123328766062818
0.0571247574036479 0.1722666878213556 0.0123328766062818
0.3368614597963450 0.5702222908466832 0.0192857553935303
0.5702222908466832 0.3368614597963450 0.0192857553935303
0.0929162493569718 0.5702222908466832 0.0192857553935303
0.5702222908466832 0.0929162493569718 0.0192857553935303
0.0929162493569718 0.3368614597963450 0.0192857553935303
0.3368614597963450 0.0929162493569718 0.0192857553935303
0.0012683309328720 0.8797571713701711 0.0025051144192503
0.8797571713701711 0.0012683309328720 0.0025051144192503
0.1189744976969568 0.8797571713701711 0.0025051144192503
0.8797571713701711 0.1189744976969568 0.0025051144192503
0.1189744976969568 0.0012683309328720 0.0025051144192503
0.0012683309328720 0.1189744976969568 0.0025051144192503
