0.3333333333333334 0.3333333333333334 0.0221676936910920
0.4053622141339755 0.1892755717320491 0.0213568907857303
0.1892755717320491 0.4053622141339755 0.0213568907857303
0.4053622141339755 0.4053622141339755 0.0213568907857303
0.0701735528999860 0.8596528942000279 0.0082223687813126
0.8596528942000279 0.0701735528999860 0.0082223687813126
0.0701735528999860 0.0701735528999860 0.0082223687813126
0.4741706814380198 0.0516586371239604 0.0086980740003817
0.0516586371239604 0.4741706814380198 0.0086980740003817
0.4741706814380198 0.4741706814380198 0.0086980740003817
0.2263787134203496 0.5472425731593008 0.0233916808643548
0.5472425731593008 0.2263787134203496 0.0233916808643548
0.2263787134203496 0.2263787134203496 0.0233916808643548
0.4949969567691262 0.0100060864617476 0.0047869230912300
0.0100060864617476 0.4949969567691262 0.0047869230912300
0.4949969567691262 0.4949969567691262 0.0047869230912300
0.0158117262509886 0.9683765474980227 0.0014803873189527
0.9683765474980227 0.0158117262509886 0.0014803873189527
0.0158117262509886 0.0158117262509886 0.0014803873189527
0.0183761123856811 0.6669756448018681 0.0078012864152880
0.6669756448018681 0.0183761123856811 0.0078012864152880
0.3146482428124509 0.6669756448018681 0.0078012864152880
0.6669756448018681 0.3146482428124509 0.0078012864152880
0.3146482428124509 0.0183761123856811 0.0078012864152880
0.0183761123856811 0.3146482428124509 0.0078012864152880
0.0091392370373084 0.9199121577262361 0.0020149266860090
0.9199121577262361 0.0091392370373084 0.0020149266860090
0.0709486052364555 0.9199121577262361 0.0020149266860090
0.9199121577262361 0.0709486052364555 0.0020149266860090
0.0709486052364555 0.0091392370373084 0.0020149266860090
0.0091392370373084 0.0709486052364555 0.0020149266860090
0.1905355894763939 0.7152223569314506 0.0143602934626007
0.7152223569314506 0.1905355894763939 0.0143602934626007
0.0942420535921554 0.7152223569314506 0.0143602934626007
0.7152223569314506 0.0942420535921554 0.0143602934626007
0.0942420535921554 0.1905355894763939 0.0143602934626007
0.1905355894763939 0.0942420535921554 0.0143602934626007
0.1680686452224144 0.8132926410494192 0.0058363105907879
0.8132926410494192 0.1680686452224144 0.0058363105907879
0.0186387137281664 0.8132926410494192 0.0058363105907879
0.8132926410494192 0.0186387137281664 0.0058363105907879
0.0186387137281664 0.1680686452224144 0.0058363105907879
0.1680686452224144 0.0186387137281664 0.0058363105907879
0.3389506114752772 0.5652526648771142 0.0156577381424846
0.5652526648771142 0.3389506114752772 0.0156577381424846
0.0957967236476086 0.5652526648771142 0.0156577381424846
0.5652526648771142 0.0957967236476086 0.0156577381424846
0.0957967236476086 0.3389506114752772 0.0156577381424846
0.3389506114752772 0.0957967236476086 0.0156577381424846
