0.0630890144915022 0.8738219710169955 0.0254224531851034
0.8738219710169955 0.0630890144915022 0.0254224531851034
0.0630890144915022 0.0630890144915022 0.0254224531851034
0.2492867451709104 0.5014265096581791 0.0583931378631897
0.5014265096581791 0.2492867451709104 0.0583931378631897
0.2492867451709104 0.2492867451709104 0.0583931378631897
0.0531450498448169 0.6365024991213987 0.0414255378091868
0.6365024991213987 0.0531450498448169 0.0414255378091868
0.3103524510337844 0.6365024991213987 0.0414255378091868
0.6365024991213987 0.3103524510337844 0.0414255378091868
0.3103524510337844 0.0531450498448169 0.0414255378091868
0.0531450498448169 0.3103524510337844 0.0414255378091868
