0.0337306485545878 0.9325387028908243 0.0082725250553961
0.9325387028908243 0.0337306485545878 0.0082725250553961
0.0337306485545878 0.0337306485545878 0.0082725250553961
0.2415773825954036 0.5168452348091929 0.0639720856150778
0.5168452348091929 0.2415773825954036 0.0639720856150778
0.2415773825954036 0.2415773825954036 0.0639720856150778
0.4743096925047182 0.0513806149905635 0.0385433230929930
0.0513806149905635 0.4743096925047182 0.0385433230929930
0.4743096925047182 0.4743096925047182 0.0385433230929930
0.0470366446525952 0.7542800405500532 0.0279393664515999
0.7542800405500532 0.0470366446525952 0.0279393664515999
0.1986833147973516 0.7542800405500532 0.0279393664515999
0.7542800405500532 0.1986833147973516 0.0279393664515999
0.1986833147973516 0.0470366446525952 0.0279393664515999
0.0470366446525952 0.1986833147973516 0.0279393664515999
