0.3333333333333334 0.3333333333333334 0.0721578038388936
0.4592925882927231 0.0814148234145537 0.0475458171336423
0.0814148234145537 0.4592925882927231 0.0475458171336423
0.4592925882927231 0.4592925882927231 0.0475458171336423
0.1705693077517602 0.6588613844964796 0.0516086852673591
0.6588613844964796 0.1705693077517602 0.0516086852673591
0.1705693077517602 0.1705693077517602 0.0516086852673591
0.0505472283170310 0.8989055433659381 0.0162292488115990
0.8989055433659381 0.0505472283170310 0.0162292488115990
0.0505472283170310 0.0505472283170310 0.0162292488115990
0.0083947774099576 0.7284923929554042 0.0136151570872175
0.7284923929554042 0.0083947774099576 0.0136151570872175
0.2631128296346381 0.7284923929554042 0.0136151570872175
0.7284923929554042 0.2631128296346381 0.0136151570872175
0.2631128296346381 0.0083947774099576 0.0136151570872175
0.0083947774099576 0.2631128296346381 0.0136151570872175
