0.3333333333333334 0.3333333333333334 0.0485678981413994
0.4370895914929366 0.1258208170141267 0.0389137705023871
0.1258208170141267 0.4370895914929366 0.0389137705023871
0.4370895914929366 0.4370895914929366 0.0389137705023871
0.1882035356190327 0.6235929287619345 0.0398238694636051
0.6235929287619345 0.1882035356190327 0.0398238694636051
0.1882035356190327 0.1882035356190327 0.0398238694636051
0.4896825191987376 0.0206349616025248 0.0156673501135695
0.0206349616025248 0.4896825191987376 0.0156673501135695
0.4896825191987376 0.4896825191987376 0.0156673501135695
0.0447295133944527 0.9105409732110945 0.0127888378293490
0.9105409732110945 0.0447295133944527 0.0127888378293490
0.0447295133944527 0.0447295133944527 0.0127888378293490
0.0368384120547363 0.7411985987844980 0.0216417696886447
0.7411985987844980 0.0368384120547363 0.0216417696886447
0.2219629891607657 0.7411985987844980 0.0216417696886447
0.7411985987844980 0.2219629891607657 0.0216417696886447
0.2219629891607657 0.0368384120547363 0.0216417696886447
0.0368384120547363 0.2219629891607657 0.0216417696886447
